4342562508026174|10|2028|113
4342562508044334|10|2028|091
4342562508042338|10|2028|163
4342562508037213|10|2028|888
4342562508075734|10|2028|573
4342562508031851|10|2028|361
4342562508028576|10|2028|004
4342562508020706|10|2028|567
4342562508040746|10|2028|442
4342562508026455|10|2028|298
4342562508088216|10|2028|701
4342562508072814|10|2028|618
4342562508058300|10|2028|283
4342562508007042|10|2028|314
4342562508053350|10|2028|649
4342562508016837|10|2028|017
4342562508064787|10|2028|281
4342562508056320|10|2028|918
4342562508023106|10|2028|850
4342562508086160|10|2028|932
4342562508037437|10|2028|040
4342562508055058|10|2028|686
4342562508013842|10|2028|462
4342562508067426|10|2028|768
4342562508062476|10|2028|296
4342562508060322|10|2028|431
4342562508003587|10|2028|822
4342562508023007|10|2028|749
4342562508042387|10|2028|666
4342562508021142|10|2028|839
4342562508027008|10|2028|160
4342562508000054|10|2028|295
4342562508010376|10|2028|331
4342562508068200|10|2028|846
4342562508067277|10|2028|124
4342562508002613|10|2028|119
4342562508088463|10|2028|115
4342562508034517|10|2028|209
4342562508065032|10|2028|950
4342562508046826|10|2028|309
4342562508052717|10|2028|298
4342562508083415|10|2028|641
4342562508043286|10|2028|510
4342562508011580|10|2028|406
4342562508057674|10|2028|886
4342562508008214|10|2028|489
4342562508057781|10|2028|921
4342562508077714|10|2028|794
4342562508000237|10|2028|728
4342562508004486|10|2028|723
4342562508051545|10|2028|502
4342562508032206|10|2028|352
4342562508015680|10|2028|950
4342562508057757|10|2028|053
4342562508003082|10|2028|909
4342562508017868|10|2028|678
4342562508081351|10|2028|433
4342562508014618|10|2028|569
4342562508054770|10|2028|308
4342562508020714|10|2028|871
4342562508003371|10|2028|122
4342562508081401|10|2028|137
4342562508025150|10|2028|550
4342562508016324|10|2028|739
4342562508020821|10|2028|948
4342562508067483|10|2028|519
4342562508078837|10|2028|593
4342562508028253|10|2028|937
4342562508004460|10|2028|443
4342562508004270|10|2028|550
4342562508044060|10|2028|913
4342562508072830|10|2028|890
4342562508063573|10|2028|090
4342562508076351|10|2028|347
4342562508027131|10|2028|977
4342562508051552|10|2028|595
4342562508023841|10|2028|781
4342562508068176|10|2028|934
4342562508087374|10|2028|903
4342562508081757|10|2028|888
4342562508022553|10|2028|281
4342562508052766|10|2028|328
4342562508070628|10|2028|830
4342562508067244|10|2028|140
4342562508007265|10|2028|042
4342562508054382|10|2028|384
4342562508085584|10|2028|651
4342562508088364|10|2028|279
4342562508044086|10|2028|956
4342562508086442|10|2028|042
4342562508003231|10|2028|240
4342562508033634|10|2028|783
4342562508058128|10|2028|868
4342562508006580|10|2028|984
4342562508024724|10|2028|529
4342562508077631|10|2028|636
4342562508028436|10|2028|640
4342562508043831|10|2028|923
4342562508077128|10|2028|445
4342562508024856|10|2028|872
